56,52
56,51
56,50
56,49
56,48
56,47
56,46
56,45
56,44
56,43
56,42
56,41
56,40
56,39
56,38
56,37
56,36
56,35
33,5
31,1
31,3
32,4
33,1
33,3
28,1
28,3
32,1
32,3
0,273
0,270
10,221
10,77
10,281
10,231
10,213
10,253
10,3
11,19
11,17
11,23
8,7
8,8
8,10
52,5
52,4
52,3
52,2
52,1
52,0
47,3
47,1
34,3
34,1
29,4
29,3
29,1
20,3
20,2
20,1
19,3
19,2
19,1
12,3
12,2
12,1
11,29
11,28
11,25
11,24
11,22
11,21
11,20
11,18
11,16
11,14
11,13
11,12
11,11
11,10
11,8
11,5
11,4
11,3
11,2
11,1
10,304
10,298
10,290
10,249
18,1
10,183
18,3
